,HR_Zscore,Sleep_Zscore,Steps_Zscore,Deep_Sleep,Calories,Moderate_Activity,Vigorous_Activity,Fluid_Intake,Stress,Fatigue,Mood,Readiness,Restlessness
HR_Zscore,0.0,0.07887200002194011,0.10439493506891204,0.0059478061263811555,0.12136467890667177,0.1536191673606607,0.12483339943350139,0.11467557733425773,0.03854849765512686,0.013564758598546889,0.08234827826351342,0.1022769321392511,0.1644522404670683
Sleep_Zscore,0.07887200002194011,0.0,0.09795662569549597,0.20481958820176158,0.13107211132806174,0.016455425623944236,0.02776233295207833,0.06773256896752836,0.07775299514862795,0.04128624034207923,0.0011615427304438042,0.1852404641562696,0.05954374695606515
Steps_Zscore,0.10439493506891204,0.09795662569549597,0.0,0.02117756516500907,0.013346877807630886,0.19428194827794798,0.021793567486925625,0.24239043011865183,0.27111208596778597,0.13984884607308054,0.1946030282517756,0.046728346290114325,0.15140691535480327
Deep_Sleep,0.0059478061263811555,0.20481958820176158,0.02117756516500907,0.0,0.05954658512732919,0.10943955142276712,0.03221618362985007,0.06178855436371378,0.22545915006412054,0.2662344866634614,0.2133772984472241,0.06928058193859993,0.016787571038649862
Calories,0.12136467890667177,0.13107211132806174,0.013346877807630886,0.05954658512732919,0.0,0.021004644254212,0.038664214856315215,0.19708350757994147,0.15466567263893574,0.07693305549670834,0.06252004999781123,0.013743116336226671,0.06635394500040456
Moderate_Activity,0.1536191673606607,0.016455425623944236,0.19428194827794798,0.10943955142276712,0.021004644254212,0.0,0.2744207353387027,0.24223561668225269,0.1106041539882375,0.14644215923372275,0.06337520357404085,0.14159296539648544,0.06745394546548415
Vigorous_Activity,0.12483339943350139,0.02776233295207833,0.021793567486925625,0.03221618362985007,0.038664214856315215,0.2744207353387027,0.0,0.23821485936034936,0.104515286301139,0.16699512653635826,0.07746099377385987,0.042686147656863405,0.05749851011826396
Fluid_Intake,0.11467557733425773,0.06773256896752836,0.24239043011865183,0.06178855436371378,0.19708350757994147,0.24223561668225269,0.23821485936034936,0.0,0.07342038432533224,0.21182263427225256,0.02527670186408093,0.011126770166515684,0.1474257457603345
Stress,0.03854849765512686,0.07775299514862795,0.27111208596778597,0.22545915006412054,0.15466567263893574,0.1106041539882375,0.104515286301139,0.07342038432533224,0.0,0.04791663857076258,0.18908629752634426,0.04600123518054802,0.15640366269596773
Fatigue,0.013564758598546889,0.04128624034207923,0.13984884607308054,0.2662344866634614,0.07693305549670834,0.14644215923372275,0.16699512653635826,0.21182263427225256,0.04791663857076258,0.0,0.008708295625856871,0.16489715863691978,0.0543284015930178
Mood,0.08234827826351342,0.0011615427304438042,0.1946030282517756,0.2133772984472241,0.06252004999781123,0.06337520357404085,0.07746099377385987,0.02527670186408093,0.18908629752634426,0.008708295625856871,0.0,0.018381196799527613,0.06240666718889955
Readiness,0.1022769321392511,0.1852404641562696,0.046728346290114325,0.06928058193859993,0.013743116336226671,0.14159296539648544,0.042686147656863405,0.011126770166515684,0.04600123518054802,0.16489715863691978,0.018381196799527613,0.0,0.017484331297177885
Restlessness,0.1644522404670683,0.05954374695606515,0.15140691535480327,0.016787571038649862,0.06635394500040456,0.06745394546548415,0.05749851011826396,0.1474257457603345,0.15640366269596773,0.0543284015930178,0.06240666718889955,0.017484331297177885,0.0
