,HR_Zscore,Sleep_Zscore,Steps_Zscore,Deep_Sleep,Calories,Moderate_Activity,Vigorous_Activity,Fluid_Intake,Stress,Fatigue,Mood,Readiness,Restlessness
HR_Zscore,1.0,-0.3120327318061363,0.042574202247036355,0.04023999754243894,-0.08185201152479948,0.06406032409221785,-0.06778095682535662,-0.003381492075779973,0.07676197262024151,-0.24462843484249175,-0.016307097740414316,-0.23572763250448608,0.04310866914770138
Sleep_Zscore,-0.3120327318061363,1.0,0.018504947803446564,0.16516738952440896,0.009229789394092342,-0.0003784136549890801,0.009407616392827858,-0.1798783285846992,-0.029801916831391398,0.18950039982449102,0.12249671812825519,0.10798754196815918,-0.19933143536926154
Steps_Zscore,0.042574202247036355,0.018504947803446564,1.0,-0.22733762933294765,0.808348059725956,0.5207147842681074,0.7772790494154249,0.14869810989973245,0.06547872583910576,0.20980284915351613,-0.062429030792839894,0.20296790812397197,-0.03806634175198971
Deep_Sleep,0.04023999754243894,0.16516738952440896,-0.22733762933294765,1.0,-0.22295596211852337,-0.15714906700517933,-0.1792579551117055,-0.14626322429199307,0.01129848649962742,-0.048263105663709636,0.004798296476175924,-0.0762579450292345,-0.08072914322967661
Calories,-0.08185201152479948,0.009229789394092342,0.808348059725956,-0.22295596211852337,1.0,0.6727604546770375,0.800374387881541,0.3087573205058675,0.12376082531578142,0.1531117014669297,-0.010685364021029244,0.10734712042605327,0.04586025449951844
Moderate_Activity,0.06406032409221785,-0.0003784136549890801,0.5207147842681074,-0.15714906700517933,0.6727604546770375,1.0,0.5417511534949989,0.27980661656694383,0.0803702103191278,0.11837829181334389,-0.018392055165045693,0.022974795507000493,0.0972080717616934
Vigorous_Activity,-0.06778095682535662,0.009407616392827858,0.7772790494154249,-0.1792579551117055,0.800374387881541,0.5417511534949989,1.0,0.2660237499474305,-0.0653145074525411,0.17610580819886565,-0.1841083703362142,0.2026365493023153,-0.02091186841585814
Fluid_Intake,-0.003381492075779973,-0.1798783285846992,0.14869810989973245,-0.14626322429199307,0.3087573205058675,0.27980661656694383,0.2660237499474305,1.0,0.0663915384967397,-0.08334830865112856,-0.029580973304266043,-0.11865189676929234,0.1527614920073825
Stress,0.07676197262024151,-0.029801916831391398,0.06547872583910576,0.01129848649962742,0.12376082531578142,0.0803702103191278,-0.0653145074525411,0.0663915384967397,1.0,0.10594252388932847,0.4232861381694503,-0.16909272615988075,-0.0163544013761296
Fatigue,-0.24462843484249175,0.18950039982449102,0.20980284915351613,-0.048263105663709636,0.1531117014669297,0.11837829181334389,0.17610580819886565,-0.08334830865112856,0.10594252388932847,1.0,0.1863755592555323,0.6064920572029501,-0.0867511729759087
Mood,-0.016307097740414316,0.12249671812825519,-0.062429030792839894,0.004798296476175924,-0.010685364021029244,-0.018392055165045693,-0.1841083703362142,-0.029580973304266043,0.4232861381694503,0.1863755592555323,1.0,-0.01838119679952747,-0.050697496423594224
Readiness,-0.23572763250448608,0.10798754196815918,0.20296790812397197,-0.0762579450292345,0.10734712042605327,0.022974795507000493,0.2026365493023153,-0.11865189676929234,-0.16909272615988075,0.6064920572029501,-0.01838119679952747,1.0,-0.18713794553238852
Restlessness,0.04310866914770138,-0.19933143536926154,-0.03806634175198971,-0.08072914322967661,0.04586025449951844,0.0972080717616934,-0.02091186841585814,0.1527614920073825,-0.0163544013761296,-0.0867511729759087,-0.050697496423594224,-0.18713794553238852,1.0
